26
9
30
83761141705249224260228471
27192417789964945675836287
28785008142065459830514669
09464396907065799566726740
90058849995988357818822550
05679695087292770603013292
71215233672322363103981661
05940512557783935729452745
01253889608437016328890524
61297094623757581036547983
32541772273761202811371163
02350097942177622775816755
75350891135407015059122923
56043303792479974194728028
02712246634490549797322193
67870698802009313606719052
90035586895249761938657556
21532261708923268091187119
30220864573676163917447670
78573889126952291206319787
83325242599619721135497067
90698147654321244846185762
95940495409109744864932991
82722151593919657036871460
74032441969867723677191460
10450928482522207510066741
