26
2
30
11001001111000000101111111
10111111010101011001001010
01110101101010111001100011
00110110100010100000111011
00110011011111101100100000
00010000101100010101000011
00010010100101010000111011
10101011111101011110110111
00010110110100110011111001
10101101101010010010110001
01010001100011001100111011
01111000010111100101001101
01101111000001111101110100
00100110011000111000100101
00111101000000001000111010
10010101101110010111001100
00100111100110111100011011
10011111000101111101110101
00011110010011011001100101
00111010000000011101010010
10001001111111011001101101
01001111111101011010001110
01101011101110011011100110
00101110111011101101010111
00001000000001111001011001
01001001100001011111001000
